22,28,138,1602
22,108,81,840
22,111,1009,15330
22,112,172,1973
22,114,154,1751
22,165,14,35
22,166,7,17
22,181,64,634
22,188,142,1571
22,190,153,1787
22,191,160,1880
22,288,129,313
22,304,29,69
22,390,163,1899
22,391,172,2003
22,428,239,2743
22,468,134,1474
22,470,99,1052
22,489,189,2139
22,546,78,800
22,566,115,278
22,615,22,52
22,619,50,122
22,620,58,139
22,629,101,243
22,630,122,295
22,825,235,2700
22,833,233,2676
22,854,41,358
22,858,38,322
22,869,183,2073
22,873,79,810
22,931,118,1301
22,932,120,1332
22,933,115,1263
22,943,246,2690
22,984,187,2121
22,1020,42,362
22,1028,95,1011
22,1077,210,2397
22,1144,213,2284
22,1154,248,2713
22,1173,563,7764
22,1225,43,375
22,1228,145,1610
22,1313,79,808
22,1316,67,671
22,1322,86,892
22,1324,75,766
22,1326,77,785
22,1327,80,821
22,1329,86,895
22,1331,90,950
22,1348,76,781
22,1387,209,2168
22,1466,53,494
22,1523,49,448
22,1602,41,356
22,1649,488,6869
22,1695,157,1795
22,1734,79,810
22,1751,127,1444
22,1797,104,1116
28,22,139,1604
28,108,133,1682
28,111,926,15968
28,112,105,1455
28,114,86,1233
28,165,153,1639
28,166,146,1621
28,181,116,1476
28,188,118,1472
28,190,80,1127
28,191,88,1057
28,288,268,1917
28,304,167,1673
28,390,185,2537
28,391,194,2642
28,428,348,4276
28,468,121,1512
28,470,96,1238
28,489,137,1709
28,546,130,1642
28,566,254,1882
28,615,160,1656
28,619,189,1726
28,620,196,1743
28,629,239,1847
28,630,261,1899
28,825,344,4233
28,833,342,4209
28,854,112,1423
28,858,115,1459
28,869,102,1260
28,873,175,2187
28,931,35,491
28,932,38,521
28,933,32,453
28,943,150,1592
28,984,136,1691
28,1020,151,1896
28,1028,183,2388
28,1077,319,3930
28,1144,117,1187
28,1154,152,1615
28,1173,427,6666
28,1225,110,1406
28,1228,64,797
28,1313,183,2285
28,1316,119,1512
28,1322,138,1734
28,1324,127,1608
28,1326,129,1626
28,1327,132,1663
28,1329,138,1736
28,1331,142,1791
28,1348,128,1623
28,1387,114,1070
28,1466,162,2027
28,1523,158,1981
28,1602,150,1889
28,1649,352,5771
28,1695,90,1277
28,1734,131,1652
28,1751,31,447
28,1797,213,2649
108,22,79,815
108,28,133,1681
108,111,1054,16018
108,112,172,2195
108,114,154,1973
108,165,94,850
108,166,86,832
108,181,19,225
108,188,80,970
108,190,147,1866
108,191,155,1959
108,288,209,1128
108,304,108,884
108,390,208,2587
108,391,217,2691
108,428,289,3487
108,468,72,873
108,470,94,1131
108,489,127,1538
108,546,32,391
108,566,194,1093
108,615,101,867
108,619,129,937
108,620,137,954
108,629,180,1058
108,630,201,1110
108,825,285,3444
108,833,283,3420
108,854,65,787
108,858,68,823
108,869,128,1542
108,873,116,1398
108,931,113,1380
108,932,115,1410
108,933,109,1342
108,943,241,2768
108,984,126,1520
108,1020,92,1107
108,1028,132,1599
108,1077,260,3141
108,1144,207,2363
108,1154,243,2791
108,1173,558,7842
108,1225,64,770
108,1228,134,1616
108,1313,124,1496
108,1316,22,262
108,1322,40,483
108,1324,6,73
108,1326,5,55
108,1327,2,18
108,1329,5,55
108,1331,9,110
108,1348,31,372
108,1387,204,2247
108,1466,102,1238
108,1523,99,1192
108,1602,91,1100
108,1649,483,6948
108,1695,157,2016
108,1734,17,209
108,1751,122,1523
108,1797,154,1860
111,22,1015,15405
111,28,924,15951
111,108,1054,16093
111,112,966,15040
111,114,948,14818
111,165,1029,15439
111,166,1022,15422
111,181,1037,15887
111,188,1034,16825
111,190,919,15116
111,191,911,15209
111,288,1144,15717
111,304,1043,15474
111,390,903,14161
111,391,912,14265
111,428,1198,17764
111,468,1037,16728
111,470,1017,16247
111,489,1053,17069
111,546,1051,16053
111,566,1130,15682
111,615,1036,15457
111,619,1065,15526
111,620,1072,15543
111,629,1115,15648
111,630,1137,15700
111,825,1195,17721
111,833,1193,17696
111,854,1009,15483
111,858,1006,15447
111,869,1004,16985
111,873,966,14963
111,931,956,15650
111,932,958,15680
111,933,953,15612
111,943,847,15003
111,984,1052,17050
111,1020,999,15354
111,1028,971,15018
111,1077,1170,17417
111,1144,883,15428
111,1154,835,14856
111,1173,593,9663
111,1225,1011,15500
111,1228,966,16521
111,1313,976,14823
111,1316,1040,15924
111,1322,1058,16146
111,1324,1048,16020
111,1326,1049,16038
111,1327,1052,16075
111,1329,1058,16148
111,1331,1063,16203
111,1348,1049,16035
111,1387,914,15726
111,1466,1012,15514
111,1523,1008,15468
111,1602,999,15360
111,1649,719,12019
111,1695,952,14861
111,1734,1051,16064
111,1751,952,15793
111,1797,1064,16136
112,22,166,1906
112,28,103,1441
112,108,171,2181
112,111,964,15043
112,114,18,222
112,165,181,1941
112,166,173,1923
112,181,154,1975
112,188,180,2321
112,190,48,607
112,191,55,699
112,288,296,2218
112,304,195,1975
112,390,124,1612
112,391,133,1716
112,428,350,4265
112,468,183,2362
112,470,134,1737
112,489,200,2559
112,546,167,2141
112,566,281,2184
112,615,188,1958
112,619,217,2027
112,620,224,2045
112,629,267,2149
112,630,288,2201
112,825,346,4222
112,833,344,4197
112,854,149,1923
112,858,152,1948
112,869,190,2475
112,873,118,1464
112,931,83,1140
112,932,86,1171
112,933,80,1102
112,943,141,1738
112,984,198,2540
112,1020,150,1855
112,1028,122,1519
112,1077,321,3919
112,1144,108,1333
112,1154,143,1761
112,1173,464,6812
112,1225,148,1905
112,1228,152,2011
112,1313,128,1581
112,1316,157,2012
112,1322,175,2234
112,1324,165,2108
112,1326,166,2126
112,1327,169,2163
112,1329,175,2236
112,1331,180,2291
112,1348,166,2123
112,1387,104,1216
112,1466,164,2016
112,1523,160,1969
112,1602,151,1861
112,1649,390,5917
112,1695,15,179
112,1734,168,2152
112,1751,92,1283
112,1797,215,2637
114,22,148,1684
114,28,85,1219
114,108,152,1959
114,111,946,14821
114,112,18,222
114,165,162,1719
114,166,155,1701
114,181,135,1753
114,188,162,2099
114,190,29,385
114,191,37,477
114,288,277,1996
114,304,177,1753
114,390,106,1390
114,391,114,1494
114,428,331,4043
114,468,165,2140
114,470,116,1515
114,489,181,2337
114,546,149,1919
114,566,263,1962
114,615,169,1736
114,619,198,1805
114,620,205,1823
114,629,248,1927
114,630,270,1979
114,825,328,4000
114,833,326,3975
114,854,131,1701
114,858,134,1726
114,869,172,2253
114,873,100,1242
114,931,65,918
114,932,67,949
114,933,61,880
114,943,123,1516
114,984,180,2318
114,1020,132,1633
114,1028,104,1297
114,1077,303,3697
114,1144,89,1111
114,1154,125,1539
114,1173,446,6590
114,1225,130,1683
114,1228,134,1790
114,1313,109,1359
114,1316,138,1790
114,1322,157,2012
114,1324,146,1886
114,1326,148,1904
114,1327,151,1941
114,1329,157,2014
114,1331,161,2069
114,1348,148,1901
114,1387,86,994
114,1466,145,1794
114,1523,141,1747
114,1602,132,1639
114,1649,371,5696
114,1695,4,43
114,1734,150,1930
114,1751,74,1061
114,1797,197,2416
165,22,14,35
165,28,153,1637
165,108,96,874
165,111,1023,15365
165,112,187,2008
165,114,168,1786
165,166,7,18
165,181,105,984
165,188,182,1921
165,190,190,2085
165,191,198,2177
165,288,115,278
165,304,14,34
165,390,177,1934
165,391,186,2038
165,428,253,2777
165,468,174,1825
165,470,139,1402
165,489,229,2489
165,546,119,1150
165,566,101,243
165,615,7,17
165,619,36,87
165,620,43,104
165,629,86,208
165,630,108,260
165,825,250,2735
165,833,248,2710
165,854,82,708
165,858,79,672
165,869,224,2424
165,873,105,988
165,931,158,1652
165,932,161,1682
165,933,155,1614
165,943,284,3040
165,984,228,2471
165,1020,62,471
165,1028,113,1088
165,1077,225,2431
165,1144,250,2635
165,1154,286,3063
165,1173,602,8114
165,1225,57,410
165,1228,159,1645
165,1313,93,843
165,1316,108,1021
165,1322,126,1243
165,1324,116,1117
165,1326,117,1135
165,1327,120,1172
165,1329,126,1245
165,1331,131,1300
165,1348,117,1132
165,1387,247,2518
165,1466,67,527
165,1523,63,481
165,1602,62,465
165,1649,527,7219
165,1695,171,1825
165,1734,119,1161
165,1751,168,1795
165,1797,118,1144
166,22,7,17
166,28,145,1620
166,108,88,857
166,111,1016,15347
166,112,179,1990
166,114,161,1768
166,165,7,18
166,181,97,966
166,188,175,1904
166,190,183,2067
166,191,190,2160
166,288,122,295
166,304,22,52
166,390,170,1916
166,391,179,2021
166,428,246,2760
166,468,167,1807
166,470,132,1385
166,489,222,2472
166,546,111,1132
166,566,108,261
166,615,14,35
166,619,43,104
166,620,50,122
166,629,94,226
166,630,115,278
166,825,242,2717
166,833,240,2692
166,854,75,690
166,858,72,655
166,869,217,2406
166,873,98,971
166,931,151,1634
166,932,154,1664
166,933,148,1596
166,943,276,3022
166,984,221,2453
166,1020,55,454
166,1028,106,1071
166,1077,217,2414
166,1144,243,2617
166,1154,278,3045
166,1173,594,8096
166,1225,50,392
166,1228,152,1627
166,1313,86,826
166,1316,101,1003
166,1322,119,1225
166,1324,108,1099
166,1326,110,1117
166,1327,113,1154
166,1329,119,1227
166,1331,124,1282
166,1348,110,1114
166,1387,239,2501
166,1466,60,509
166,1523,56,463
166,1602,54,447
166,1649,520,7202
166,1695,164,1807
166,1734,112,1143
166,1751,160,1777
166,1797,111,1126
181,22,62,609
181,28,116,1475
181,108,19,225
181,111,1037,15812
181,112,155,1989
181,114,136,1767
181,165,77,644
181,166,69,626
181,188,79,956
181,190,130,1660
181,191,138,1753
181,288,192,922
181,304,91,678
181,390,191,2381
181,391,200,2485
181,428,272,3281
181,468,71,859
181,470,77,925
181,489,126,1524
181,546,14,166
181,566,177,887
181,615,84,661
181,619,112,731
181,620,120,748
181,629,163,852
181,630,184,904
181,825,268,3238
181,833,266,3213
181,854,48,581
181,858,51,617
181,869,127,1528
181,873,99,1192
181,931,96,1174
181,932,98,1204
181,933,92,1136
181,943,224,2562
181,984,125,1506
181,1020,81,975
181,1028,115,1393
181,1077,243,2935
181,1144,190,2157
181,1154,226,2586
181,1173,539,7636
181,1225,47,564
181,1228,123,1483
181,1313,107,1290
181,1316,3,37
181,1322,21,259
181,1324,13,151
181,1326,14,170
181,1327,17,206
181,1329,23,280
181,1331,28,335
181,1348,12,148
181,1387,187,2041
181,1466,85,1030
181,1523,81,984
181,1602,80,968
181,1649,464,6742
181,1695,140,1810
181,1734,16,195
181,1751,105,1317
181,1797,136,1647
188,22,140,1546
188,28,117,1464
188,108,80,970
188,111,1037,16749
188,112,180,2314
188,114,161,2092
188,165,154,1581
188,166,147,1564
188,181,79,956
188,190,155,1986
188,191,163,2017
188,288,269,1859
188,304,168,1616
188,390,260,3318
188,391,269,3423
188,428,349,4218
188,468,18,215
188,470,115,1385
188,489,61,742
188,546,93,1122
188,566,255,1824
188,615,161,1598
188,619,190,1668
188,620,197,1685
188,629,240,1790
188,630,262,1842
188,825,346,4175
188,833,344,4151
188,854,126,1519
188,858,129,1555
188,869,62,746
188,873,176,2130
188,931,110,1350
188,932,113,1380
188,933,107,1312
188,943,234,2552
188,984,60,724
188,1020,158,1912
188,1028,193,2331
188,1077,320,3872
188,1144,200,2146
188,1154,236,2575
188,1173,536,7626
188,1225,124,1501
188,1228,68,821
188,1313,184,2228
188,1316,82,993
188,1322,100,1215
188,1324,74,897
188,1326,76,915
188,1327,79,952
188,1329,85,1025
188,1331,89,1080
188,1348,91,1104
188,1387,197,2030
188,1466,163,1968
188,1523,159,1921
188,1602,158,1906
188,1649,461,6731
188,1695,165,2136
188,1734,63,761
188,1751,106,1306
188,1797,214,2585
190,22,152,1775
190,28,79,1092
190,108,146,1852
190,111,917,15120
190,112,48,607
190,114,29,385
190,165,166,1810
190,166,159,1792
190,181,129,1646
190,188,155,1993
190,191,8,93
190,288,281,2088
190,304,180,1844
190,390,128,1689
190,391,136,1793
190,428,353,4341
190,468,159,2033
190,470,110,1409
190,489,175,2230
190,546,143,1812
190,566,267,2053
190,615,173,1827
190,619,202,1896
190,620,209,1914
190,629,252,2018
190,630,274,2070
190,825,350,4298
190,833,348,4274
190,854,138,1747
190,858,141,1783
190,869,166,2125
190,873,121,1541
190,931,58,812
190,932,61,842
190,933,55,773
190,943,94,1132
190,984,174,2212
190,1020,154,1931
190,1028,126,1596
190,1077,325,3995
190,1144,60,726
190,1154,95,1155
190,1173,417,6206
190,1225,123,1577
190,1228,128,1662
190,1313,131,1658
190,1316,132,1683
190,1322,151,1905
190,1324,140,1779
190,1326,142,1797
190,1327,145,1834
190,1329,151,1907
190,1331,155,1962
190,1348,141,1794
190,1387,57,610
190,1466,167,2091
190,1523,163,2044
190,1602,154,1938
190,1649,342,5311
190,1695,33,428
190,1734,144,1823
190,1751,68,934
190,1797,218,2707
191,22,159,1868
191,28,86,999
191,108,154,1945
191,111,909,15212
191,112,55,699
191,114,37,477
191,165,174,1902
191,166,166,1885
191,181,137,1739
191,188,163,2085
191,190,8,93
191,288,289,2180
191,304,188,1937
191,390,135,1781
191,391,144,1886
191,428,361,4434
191,468,167,2126
191,470,117,1501
191,489,183,2323
191,546,151,1905
191,566,274,2145
191,615,181,1920
191,619,210,1989
191,620,217,2007
191,629,260,2111
191,630,282,2163
191,825,357,4391
191,833,355,4366
191,854,145,1840
191,858,148,1876
191,869,174,2033
191,873,129,1634
191,931,66,904
191,932,69,935
191,933,63,866
191,943,86,1039
191,984,181,2304
191,1020,161,2024
191,1028,134,1689
191,1077,332,4087
191,1144,52,634
191,1154,88,1062
191,1173,409,6113
191,1225,131,1669
191,1228,135,1570
191,1313,139,1750
191,1316,140,1776
191,1322,158,1998
191,1324,148,1872
191,1326,149,1890
191,1327,152,1927
191,1329,158,2000
191,1331,163,2055
191,1348,149,1887
191,1387,49,517
191,1466,175,2183
191,1523,171,2137
191,1602,162,2031
191,1649,334,5218
191,1695,40,521
191,1734,151,1916
191,1751,75,841
191,1797,226,2800
288,22,129,313
288,28,268,1915
288,108,211,1152
288,111,1138,15643
288,112,302,2286
288,114,283,2064
288,165,115,278
288,166,122,295
288,181,220,1262
288,188,297,2199
288,190,305,2362
288,191,313,2455
288,304,101,243
288,390,292,2212
288,391,301,2316
288,428,368,3055
288,468,289,2102
288,470,254,1680
288,489,344,2767
288,546,234,1428
288,566,14,35
288,615,108,261
288,619,79,191
288,620,72,174
288,629,29,70
288,630,7,17
288,825,365,3012
288,833,363,2988
288,854,197,986
288,858,194,950
288,869,339,2701
288,873,220,1266
288,931,273,1929
288,932,276,1960
288,933,270,1891
288,943,399,3318
288,984,343,2749
288,1020,177,749
288,1028,228,1366
288,1077,340,2709
288,1144,365,2913
288,1154,401,3341
288,1173,717,8392
288,1225,172,688
288,1228,274,1923
288,1313,208,1121
288,1316,223,1299
288,1322,241,1520
288,1324,231,1395
288,1326,232,1413
288,1327,235,1450
288,1329,241,1523
288,1331,246,1578
288,1348,232,1410
288,1387,362,2796
288,1466,182,805
288,1523,178,758
288,1602,177,743
288,1649,642,7497
288,1695,286,2103
288,1734,234,1438
288,1751,283,2072
288,1797,233,1422
304,22,29,69
304,28,167,1672
304,108,110,909
304,111,1037,15399
304,112,201,2042
304,114,182,1820
304,165,14,34
304,166,22,52
304,181,119,1018
304,188,197,1956
304,190,204,2119
304,191,212,2212
304,288,101,243
304,390,192,1968
304,391,200,2073
304,428,268,2812
304,468,189,1859
304,470,154,1437
304,489,244,2524
304,546,133,1185
304,566,86,209
304,615,7,17
304,619,22,52
304,620,29,70
304,629,72,174
304,630,94,226
304,825,264,2769
304,833,262,2744
304,854,96,743
304,858,93,707
304,869,238,2458
304,873,119,1023
304,931,173,1686
304,932,175,1716
304,933,170,1648
304,943,298,3074
304,984,242,2506
304,1020,77,506
304,1028,128,1123
304,1077,239,2466
304,1144,264,2669
304,1154,300,3098
304,1173,616,8148
304,1225,72,445
304,1228,174,1679
304,1313,107,878
304,1316,122,1055
304,1322,140,1277
304,1324,130,1151
304,1326,132,1169
304,1327,135,1206
304,1329,141,1279
304,1331,145,1334
304,1348,131,1166
304,1387,261,2553
304,1466,81,561
304,1523,77,515
304,1602,76,499
304,1649,541,7254
304,1695,186,1860
304,1734,134,1195
304,1751,182,1829
304,1797,132,1178
390,22,169,1943
390,28,186,2490
390,108,215,2632
390,111,908,14190
390,112,127,1578
390,114,108,1356
390,165,235,2589
390,166,227,2572
390,181,198,2426
390,188,263,3363
390,190,130,1655
390,191,138,1748
390,288,350,2867
390,304,249,2624
390,391,15,186
390,428,353,4302
390,468,266,3267
390,470,217,2786
390,489,282,3607
390,546,211,2592
390,566,335,2832
390,615,242,2606
390,619,270,2676
390,620,278,2693
390,629,321,2798
390,630,342,2850
390,825,350,4259
390,833,347,4234
390,854,164,2021
390,858,161,1986
390,869,273,3523
390,873,121,1502
390,931,166,2189
390,932,168,2219
390,933,162,2151
390,943,224,2787
390,984,281,3589
390,1020,154,1892
390,1028,126,1557
390,1077,324,3956
390,1144,190,2381
390,1154,226,2810
390,1173,547,7861
390,1225,166,2039
390,1228,235,3060
390,1313,131,1619
390,1316,201,2463
390,1322,219,2685
390,1324,209,2559
390,1326,210,2577
390,1327,213,2614
390,1329,219,2687
390,1331,224,2742
390,1348,210,2574
390,1387,187,2265
390,1466,167,2051
390,1523,163,2005
390,1602,154,1899
390,1649,472,6966
390,1695,111,1396
390,1734,212,2603
390,1751,175,2332
390,1797,218,2668
391,22,178,2047
391,28,194,2594
391,108,223,2736
391,111,917,14295
391,112,135,1683
391,114,117,1461
391,165,243,2694
391,166,236,2676
391,181,206,2530
391,188,271,3468
391,190,139,1759
391,191,146,1852
391,288,358,2971
391,304,257,2728
391,390,15,186
391,428,362,4406
391,468,275,3371
391,470,225,2890
391,489,291,3711
391,546,220,2696
391,566,344,2937
391,615,250,2711
391,619,279,2780
391,620,286,2798
391,629,329,2902
391,630,351,2954
391,825,358,4363
391,833,356,4339
391,854,173,2126
391,858,170,2090
391,869,282,3628
391,873,130,1606
391,931,174,2293
391,932,177,2323
391,933,171,2255
391,943,232,2891
391,984,289,3693
391,1020,162,1997
391,1028,134,1661
391,1077,333,4060
391,1144,199,2486
391,1154,234,2914
391,1173,556,7965
391,1225,174,2143
391,1228,243,3164
391,1313,139,1723
391,1316,209,2567
391,1322,228,2789
391,1324,217,2663
391,1326,219,2681
391,1327,222,2718
391,1329,228,2791
391,1331,232,2846
391,1348,219,2678
391,1387,195,2369
391,1466,175,2156
391,1523,171,2109
391,1602,163,2003
391,1649,481,7070
391,1695,120,1500
391,1734,221,2707
391,1751,183,2436
391,1797,226,2773
428,22,241,2771
428,28,348,4278
428,108,291,3515
428,111,1192,17690
428,112,356,4333
428,114,337,4111
428,165,311,3472
428,166,304,3454
428,181,274,3309
428,188,352,4246
428,190,359,4409
428,191,367,4502
428,288,426,3750
428,304,325,3506
428,390,347,4259
428,391,355,4363
428,468,344,4149
428,470,309,3727
428,489,399,4814
428,546,288,3475
428,566,412,3715
428,615,318,3489
428,619,347,3559
428,620,354,3576
428,629,397,3680
428,630,419,3733
428,825,6,67
428,833,6,67
428,854,251,3033
428,858,248,2997
428,869,393,4748
428,873,274,3313
428,931,328,3976
428,932,330,4007
428,933,325,3938
428,943,453,5365
428,984,397,4796
428,1020,212,2557
428,1028,283,3413
428,1077,38,453
428,1144,419,4959
428,1154,455,5388
428,1173,771,10439
428,1225,253,3051
428,1228,355,4286
428,1313,262,3168
428,1316,277,3346
428,1322,295,3567
428,1324,285,3441
428,1326,286,3460
428,1327,290,3496
428,1329,296,3570
428,1331,300,3625
428,1348,286,3456
428,1387,416,4843
428,1466,216,2613
428,1523,212,2566
428,1602,211,2551
428,1649,696,9544
428,1695,341,4150
428,1734,289,3485
428,1751,337,4119
428,1797,192,2314
468,22,132,1450
468,28,121,1505
468,108,72,873
468,111,1041,16652
468,112,183,2355
468,114,165,2133
468,165,146,1485
468,166,139,1467
468,181,71,859
468,188,18,215
468,190,159,2026
468,191,166,2057
468,288,261,1762
468,304,160,1519
468,390,261,3222
468,391,269,3326
468,428,341,4121
468,470,118,1426
468,489,65,783
468,546,85,1025
468,566,247,1728
468,615,153,1502
468,619,182,1571
468,620,189,1589
468,629,232,1693
468,630,254,1745
468,825,338,4078
468,833,336,4054
468,854,118,1422
468,858,121,1458
468,869,65,787
468,873,168,2033
468,931,114,1390
468,932,116,1421
468,933,110,1352
468,943,237,2592
468,984,63,765
468,1020,150,1815
468,1028,185,2234
468,1077,312,3775
468,1144,204,2187
468,1154,239,2615
468,1173,539,7666
468,1225,116,1404
468,1228,71,861
468,1313,176,2131
468,1316,74,896
468,1322,92,1118
468,1324,66,800
468,1326,68,818
468,1327,71,855
468,1329,77,928
468,1331,81,983
468,1348,83,1007
468,1387,200,2070
468,1466,155,1871
468,1523,151,1825
468,1602,150,1809
468,1649,464,6771
468,1695,168,2176
468,1734,55,664
468,1751,110,1347
468,1797,206,2488
470,22,98,1040
470,28,95,1224
470,108,92,1117
470,111,1020,16242
470,112,134,1737
470,114,116,1515
470,165,112,1075
470,166,105,1057
470,181,75,911
470,188,115,1385
470,190,110,1409
470,191,117,1501
470,288,227,1352
470,304,127,1109
470,390,214,2812
470,391,223,2916
470,428,307,3711
470,468,118,1426
470,489,134,1623
470,546,89,1077
470,566,213,1318
470,615,119,1092
470,619,148,1161
470,620,155,1179
470,629,199,1283
470,630,220,1335
470,825,304,3668
470,833,302,3644
470,854,84,1012
470,858,87,1048
470,869,128,1543
470,873,134,1623
470,931,75,923
470,932,77,953
470,933,72,884
470,943,203,2311
470,984,133,1604
470,1020,116,1405
470,1028,151,1824
470,1077,279,3365
470,1144,170,1906
470,1154,205,2334
470,1173,518,7385
470,1225,70,841
470,1228,89,1079
470,1313,143,1721
470,1316,78,948
470,1322,97,1170
470,1324,86,1044
470,1326,88,1062
470,1327,91,1099
470,1329,97,1172
470,1331,102,1227
470,1348,88,1059
470,1387,166,1789
470,1466,121,1461
470,1523,117,1415
470,1602,116,1399
470,1649,443,6490
470,1695,119,1559
470,1734,90,1088
470,1751,84,1066
470,1797,172,2078
489,22,187,2114
489,28,137,1702
489,108,127,1538
489,111,1057,17065
489,112,199,2552
489,114,181,2330
489,165,201,2149
489,166,194,2132
489,181,126,1524
489,188,61,742
489,190,175,2223
489,191,183,2254
489,288,316,2427
489,304,215,2184
489,390,280,3634
489,391,288,3738
489,428,396,4786
489,468,65,783
489,470,134,1623
489,546,140,1690
489,566,302,2392
489,615,208,2166
489,619,237,2236
489,620,244,2253
489,629,287,2358
489,630,309,2410
489,825,393,4743
489,833,391,4719
489,854,173,2087
489,858,176,2123
489,869,81,984
489,873,223,2698
489,931,130,1587
489,932,132,1618
489,933,127,1549
489,943,253,2789
489,984,29,356
489,1020,205,2480
489,1028,240,2899
489,1077,367,4440
489,1144,220,2384
489,1154,255,2812
489,1173,555,7863
489,1225,161,1942
489,1228,88,1058
489,1313,231,2795
489,1316,129,1561
489,1322,148,1783
489,1324,121,1465
489,1326,123,1483
489,1327,126,1520
489,1329,132,1593
489,1331,136,1648
489,1348,138,1672
489,1387,217,2267
489,1466,210,2536
489,1523,206,2489
489,1602,205,2474
489,1649,480,6968
489,1695,185,2373
489,1734,110,1329
489,1751,126,1544
489,1797,261,3152
546,22,76,775
546,28,130,1641
546,108,32,391
546,111,1051,15978
546,112,169,2155
546,114,150,1933
546,165,90,810
546,166,83,792
546,181,14,166
546,188,93,1122
546,190,144,1826
546,191,152,1919
546,288,205,1088
546,304,105,844
546,390,205,2547
546,391,213,2651
546,428,285,3447
546,468,85,1025
546,470,90,1091
546,489,140,1690
546,566,191,1053
546,615,97,827
546,619,126,897
546,620,133,914
546,629,177,1018
546,630,198,1070
546,825,282,3404
546,833,280,3379
546,854,62,747
546,858,65,783
546,869,140,1694
546,873,112,1358
546,931,109,1340
546,932,112,1370
546,933,106,1302
546,943,238,2728
546,984,138,1672
546,1020,94,1141
546,1028,129,1559
546,1077,257,3101
546,1144,204,2323
546,1154,240,2752
546,1173,553,7802
546,1225,60,730
546,1228,136,1649
546,1313,121,1456
546,1316,11,129
546,1322,8,93
546,1324,26,317
546,1326,28,336
546,1327,31,372
546,1329,37,446
546,1331,41,501
546,1348,2,18
546,1387,201,2207
546,1466,99,1196
546,1523,95,1150
546,1602,94,1134
546,1649,478,6908
546,1695,154,1976
546,1734,30,361
546,1751,119,1483
546,1797,150,1813
566,22,115,278
566,28,253,1880
566,108,196,1118
566,111,1124,15608
566,112,287,2251
566,114,269,2029
566,165,101,243
566,166,108,261
566,181,205,1227
566,188,283,2164
566,190,291,2328
566,191,298,2420
566,288,14,35
566,304,86,209
566,390,278,2177
566,391,287,2281
566,428,354,3020
566,468,275,2068
566,470,240,1645
566,489,330,2732
566,546,219,1393
566,615,94,226
566,619,65,156
566,620,58,139
566,629,14,35
566,630,7,17
566,825,350,2978
566,833,348,2953
566,854,183,951
566,858,180,915
566,869,325,2667
566,873,206,1231
566,931,259,1895
566,932,262,1925
566,933,256,1857
566,943,384,3283
566,984,329,2714
566,1020,163,714
566,1028,214,1331
566,1077,325,2674
566,1144,351,2878
566,1154,386,3306
566,1173,702,8357
566,1225,158,653
566,1228,260,1888
566,1313,194,1086
566,1316,208,1264
566,1322,227,1486
566,1324,216,1360
566,1326,218,1378
566,1327,221,1415
566,1329,227,1488
566,1331,232,1543
566,1348,218,1375
566,1387,347,2761
566,1466,167,770
566,1523,164,724
566,1602,162,708
566,1649,627,7462
566,1695,272,2068
566,1734,220,1404
566,1751,268,2038
566,1797,219,1387
615,22,22,52
615,28,160,1654
615,108,103,892
615,111,1030,15382
615,112,194,2025
615,114,175,1803
615,165,7,17
615,166,14,35
615,181,112,1001
615,188,189,1939
615,190,197,2102
615,191,205,2194
615,288,108,261
615,304,7,17
615,390,184,1951
615,391,193,2055
615,428,260,2795
615,468,181,1842
615,470,147,1420
615,489,236,2507
615,546,126,1167
615,566,94,226
615,619,29,70
615,620,36,87
615,629,79,191
615,630,101,243
615,825,257,2752
615,833,255,2727
615,854,89,725
615,858,86,689
615,869,231,2441
615,873,112,1005
615,931,166,1669
615,932,168,1699
615,933,162,1631
615,943,291,3057
615,984,235,2488
615,1020,69,489
615,1028,121,1105
615,1077,232,2448
615,1144,257,2652
615,1154,293,3080
615,1173,609,8131
615,1225,64,427
615,1228,167,1662
615,1313,100,860
615,1316,115,1038
615,1322,133,1260
615,1324,123,1134
615,1326,124,1152
615,1327,127,1189
615,1329,133,1262
615,1331,138,1317
615,1348,124,1149
615,1387,254,2535
615,1466,74,544
615,1523,70,498
615,1602,69,482
615,1649,534,7237
615,1695,179,1842
615,1734,126,1178
615,1751,175,1812
615,1797,125,1161
619,22,50,122
619,28,188,1724
619,108,132,961
619,111,1059,15452
619,112,222,2095
619,114,204,1873
619,165,36,87
619,166,43,104
619,181,141,1071
619,188,218,2008
619,190,226,2171
619,191,234,2264
619,288,79,191
619,304,22,52
619,390,213,2021
619,391,222,2125
619,428,289,2864
619,468,210,1911
619,470,175,1489
619,489,265,2576
619,546,154,1237
619,566,65,156
619,615,29,70
619,620,7,17
619,629,50,122
619,630,72,174
619,825,286,2821
619,833,284,2797
619,854,118,795
619,858,115,759
619,869,260,2510
619,873,141,1075
619,931,194,1738
619,932,197,1769
619,933,191,1700
619,943,320,3127
619,984,264,2558
619,1020,98,558
619,1028,149,1175
619,1077,260,2518
619,1144,286,2722
619,1154,321,3150
619,1173,638,8201
619,1225,93,497
619,1228,195,1732
619,1313,129,930
619,1316,144,1108
619,1322,162,1329
619,1324,152,1203
619,1326,153,1222
619,1327,156,1258
619,1329,162,1332
619,1331,167,1387
619,1348,153,1219
619,1387,283,2605
619,1466,103,614
619,1523,99,567
619,1602,98,552
619,1649,563,7306
619,1695,207,1912
619,1734,155,1247
619,1751,204,1881
619,1797,154,1230
620,22,58,139
620,28,196,1741
620,108,139,979
620,111,1066,15469
620,112,230,2112
620,114,211,1890
620,165,43,104
620,166,50,122
620,181,148,1088
620,188,225,2025
620,190,233,2189
620,191,241,2281
620,288,72,174
620,304,29,70
620,390,220,2038
620,391,229,2142
620,428,296,2881
620,468,217,1929
620,470,183,1507
620,489,272,2593
620,546,162,1254
620,566,58,139
620,615,36,87
620,619,7,17
620,629,43,104
620,630,65,156
620,825,293,2839
620,833,291,2814
620,854,125,812
620,858,122,776
620,869,267,2528
620,873,148,1092
620,931,202,1756
620,932,204,1786
620,933,198,1718
620,943,327,3144
620,984,271,2575
620,1020,105,575
620,1028,157,1192
620,1077,268,2535
620,1144,293,2739
620,1154,329,3167
620,1173,645,8218
620,1225,100,514
620,1228,203,1749
620,1313,136,947
620,1316,151,1125
620,1322,169,1347
620,1324,159,1221
620,1326,160,1239
620,1327,163,1276
620,1329,169,1349
620,1331,174,1404
620,1348,160,1236
620,1387,290,2622
620,1466,110,631
620,1523,106,585
620,1602,105,569
620,1649,570,7323
620,1695,215,1929
620,1734,162,1265
620,1751,211,1899
620,1797,161,1248
629,22,101,243
629,28,239,1846
629,108,182,1083
629,111,1109,15573
629,112,273,2216
629,114,254,1994
629,165,86,208
629,166,94,226
629,181,191,1192
629,188,269,2130
629,190,276,2293
629,191,284,2386
629,288,29,70
629,304,72,174
629,390,264,2142
629,391,272,2247
629,428,340,2986
629,468,261,2033
629,470,226,1611
629,489,316,2698
629,546,205,1358
629,566,14,35
629,615,79,191
629,619,50,122
629,620,43,104
629,630,22,52
629,825,336,2943
629,833,334,2918
629,854,168,916
629,858,165,881
629,869,310,2632
629,873,191,1196
629,931,245,1860
629,932,247,1890
629,933,242,1822
629,943,370,3248
629,984,314,2679
629,1020,149,680
629,1028,200,1297
629,1077,311,2639
629,1144,336,2843
629,1154,372,3271
629,1173,688,8322
629,1225,143,618
629,1228,246,1853
629,1313,179,1051
629,1316,194,1229
629,1322,212,1451
629,1324,202,1325
629,1326,203,1343
629,1327,207,1380
629,1329,213,1453
629,1331,217,1508
629,1348,203,1340
629,1387,333,2727
629,1466,153,735
629,1523,149,689
629,1602,148,673
629,1649,613,7428
629,1695,258,2033
629,1734,206,1369
629,1751,254,2003
629,1797,204,1352
630,22,122,295
630,28,260,1898
630,108,203,1135
630,111,1131,15625
630,112,294,2268
630,114,276,2046
630,165,108,260
630,166,115,278
630,181,213,1245
630,188,290,2182
630,190,298,2345
630,191,306,2438
630,288,7,17
630,304,94,226
630,390,285,2194
630,391,294,2299
630,428,361,3038
630,468,282,2085
630,470,247,1663
630,489,337,2750
630,546,226,1411
630,566,7,17
630,615,101,243
630,619,72,174
630,620,65,156
630,629,22,52
630,825,358,2995
630,833,356,2970
630,854,190,969
630,858,187,933
630,869,332,2684
630,873,213,1249
630,931,266,1912
630,932,269,1943
630,933,263,1874
630,943,391,3301
630,984,336,2732
630,1020,170,732
630,1028,221,1349
630,1077,332,2692
630,1144,358,2895
630,1154,393,3324
630,1173,710,8375
630,1225,165,671
630,1228,267,1905
630,1313,201,1104
630,1316,216,1281
630,1322,234,1503
630,1324,224,1377
630,1326,225,1395
630,1327,228,1432
630,1329,234,1505
630,1331,239,1560
630,1348,225,1392
630,1387,355,2779
630,1466,175,787
630,1523,171,741
630,1602,170,725
630,1649,635,7480
630,1695,279,2086
630,1734,227,1421
630,1751,276,2055
630,1797,226,1404
825,22,238,2728
825,28,344,4235
825,108,287,3472
825,111,1189,17647
825,112,352,4290
825,114,334,4068
825,165,307,3429
825,166,300,3411
825,181,270,3266
825,188,348,4203
825,190,356,4366
825,191,363,4459
825,288,422,3707
825,304,322,3464
825,390,343,4216
825,391,352,4320
825,428,6,67
825,468,340,4106
825,470,305,3684
825,489,395,4771
825,546,284,3432
825,566,408,3672
825,615,314,3446
825,619,343,3516
825,620,350,3533
825,629,394,3637
825,630,415,3690
825,833,2,25
825,854,248,2990
825,858,245,2954
825,869,390,4705
825,873,271,3270
825,931,324,3933
825,932,327,3964
825,933,321,3895
825,943,449,5322
825,984,394,4753
825,1020,208,2514
825,1028,279,3370
825,1077,34,410
825,1144,416,4917
825,1154,451,5345
825,1173,767,10396
825,1225,249,3008
825,1228,351,4243
825,1313,259,3125
825,1316,274,3303
825,1322,292,3524
825,1324,281,3398
825,1326,283,3417
825,1327,286,3453
825,1329,292,3527
825,1331,297,3582
825,1348,283,3414
825,1387,412,4800
825,1466,213,2570
825,1523,209,2523
825,1602,208,2508
825,1649,693,9501
825,1695,337,4107
825,1734,285,3442
825,1751,333,4076
825,1797,188,2272
833,22,236,2703
833,28,342,4211
833,108,285,3448
833,111,1187,17623
833,112,350,4266
833,114,332,4044
833,165,305,3405
833,166,298,3387
833,181,268,3241
833,188,346,4179
833,190,354,4342
833,191,361,4434
833,288,420,3682
833,304,320,3439
833,390,341,4191
833,391,350,4295
833,428,6,67
833,468,338,4082
833,470,303,3660
833,489,393,4747
833,546,282,3407
833,566,406,3648
833,615,312,3422
833,619,341,3491
833,620,348,3509
833,629,392,3613
833,630,413,3665
833,825,2,25
833,854,246,2965
833,858,243,2929
833,869,388,4681
833,873,269,3245
833,931,322,3909
833,932,325,3939
833,933,319,3871
833,943,447,5297
833,984,392,4728
833,1020,206,2490
833,1028,277,3345
833,1077,32,386
833,1144,414,4892
833,1154,449,5320
833,1173,765,10371
833,1225,247,2983
833,1228,349,4218
833,1313,257,3100
833,1316,271,3278
833,1322,290,3500
833,1324,279,3374
833,1326,281,3392
833,1327,284,3429
833,1329,290,3502
833,1331,295,3557
833,1348,281,3389
833,1387,410,4775
833,1466,211,2545
833,1523,207,2499
833,1602,206,2483
833,1649,691,9477
833,1695,335,4082
833,1734,283,3418
833,1751,331,4052
833,1797,186,2247
854,22,70,703
854,28,110,1401
854,108,65,781
854,111,1004,15409
854,112,149,1914
854,114,130,1692
854,165,91,820
854,166,84,803
854,181,54,657
854,188,132,1594
854,190,124,1586
854,191,132,1678
854,288,206,1098
854,304,106,855
854,390,158,1978
854,391,166,2082
854,428,284,3431
854,468,124,1498
854,470,70,850
854,489,161,1951
854,546,68,823
854,566,192,1063
854,615,98,838
854,619,127,907
854,620,134,925
854,629,177,1029
854,630,199,1081
854,825,281,3388
854,833,279,3364
854,858,3,36
854,869,155,1872
854,873,65,789
854,931,89,1100
854,932,92,1130
854,933,86,1061
854,943,218,2488
854,984,160,1933
854,1020,85,1022
854,1028,82,991
854,1077,255,3085
854,1144,184,2083
854,1154,220,2511
854,1173,533,7562
854,1225,1,18
854,1228,117,1408
854,1313,73,887
854,1316,57,694
854,1322,76,916
854,1324,65,790
854,1326,67,808
854,1327,70,845
854,1329,76,918
854,1331,81,973
854,1348,67,805
854,1387,181,1966
854,1466,98,1181
854,1523,94,1135
854,1602,85,1028
854,1649,458,6667
854,1695,134,1736
854,1734,69,834
854,1751,99,1243
854,1797,149,1798
858,22,73,739
858,28,113,1437
858,108,68,816
858,111,1001,15373
858,112,152,1950
858,114,133,1728
858,165,94,856
858,166,87,839
858,181,57,693
858,188,135,1630
858,190,127,1621
858,191,135,1714
858,288,209,1134
858,304,108,891
858,390,155,1942
858,391,163,2047
858,428,281,3396
858,468,127,1533
858,470,73,886
858,489,164,1987
858,546,71,859
858,566,195,1099
858,615,101,873
858,619,130,943
858,620,137,960
858,629,180,1064
858,630,202,1117
858,825,278,3353
858,833,276,3328
858,854,3,36
858,869,158,1907
858,873,62,754
858,931,92,1135
858,932,95,1166
858,933,89,1097
858,943,221,2524
858,984,163,1969
858,1020,82,986
858,1028,79,955
858,1077,253,3049
858,1144,187,2118
858,1154,223,2547
858,1173,536,7598
858,1225,4,53
858,1228,119,1444
858,1313,71,852
858,1316,60,730
858,1322,79,951
858,1324,68,826
858,1326,70,844
858,1327,73,881
858,1329,79,954
858,1331,83,1009
858,1348,70,841
858,1387,184,2002
858,1466,95,1145
858,1523,91,1099
858,1602,82,992
858,1649,461,6703
858,1695,137,1771
858,1734,72,869
858,1751,102,1278
858,1797,146,1762
869,22,182,2061
869,28,102,1255
869,108,128,1542
869,111,1008,16985
869,112,193,2472
869,114,174,2250
869,165,197,2096
869,166,189,2078
869,181,127,1528
869,188,62,746
869,190,168,2143
869,191,176,2174
869,288,312,2374
869,304,211,2130
869,390,273,3554
869,391,282,3658
869,428,392,4733
869,468,65,787
869,470,128,1543
869,489,81,984
869,546,140,1694
869,566,297,2339
869,615,204,2113
869,619,233,2182
869,620,240,2200
869,629,283,2304
869,630,305,2356
869,825,388,4690
869,833,386,4665
869,854,168,2033
869,858,171,2069
869,873,219,2644
869,931,123,1507
869,932,126,1538
869,933,120,1469
869,943,247,2709
869,984,80,965
869,1020,201,2427
869,1028,235,2845
869,1077,363,4386
869,1144,213,2304
869,1154,249,2732
869,1173,506,7783
869,1225,154,1863
869,1228,38,463
869,1313,227,2742
869,1316,130,1565
869,1322,148,1786
869,1324,122,1468
869,1326,123,1487
869,1327,126,1523
869,1329,132,1597
869,1331,137,1652
869,1348,139,1676
869,1387,210,2187
869,1466,205,2482
869,1523,202,2436
869,1602,200,2420
869,1649,431,6889
869,1695,178,2293
869,1734,110,1333
869,1751,119,1464
869,1797,257,3099
873,22,91,954
873,28,173,2163
873,108,116,1400
873,111,961,14890
873,112,124,1533
873,114,105,1311
873,165,136,1357
873,166,128,1340
873,181,99,1194
873,188,176,2131
873,190,127,1609
873,191,135,1702
873,288,251,1635
873,304,150,1392
873,390,115,1459
873,391,123,1563
873,428,274,3313
873,468,168,2035
873,470,134,1612
873,489,223,2699
873,546,113,1360
873,566,236,1600
873,615,143,1375
873,619,172,1444
873,620,179,1461
873,629,222,1566
873,630,244,1618
873,825,271,3270
873,833,269,3245
873,854,65,789
873,858,62,754
873,869,218,2634
873,931,152,1862
873,932,155,1892
873,933,149,1823
873,943,221,2741
873,984,222,2681
873,1020,75,903
873,1028,17,201
873,1077,246,2967
873,1144,187,2336
873,1154,223,2764
873,1173,544,7815
873,1225,67,807
873,1228,180,2170
873,1313,56,675
873,1316,102,1231
873,1322,120,1453
873,1324,110,1327
873,1326,111,1345
873,1327,114,1382
873,1329,120,1455
873,1331,125,1510
873,1348,111,1342
873,1387,184,2219
873,1466,88,1062
873,1523,84,1016
873,1602,75,910
873,1649,469,6920
873,1695,109,1350
873,1734,113,1371
873,1751,162,2005
873,1797,139,1679
931,22,125,1405
931,28,28,393
931,108,120,1482
931,111,953,15769
931,112,91,1256
931,114,73,1034
931,165,140,1440
931,166,132,1422
931,181,103,1276
931,188,105,1272
931,190,67,927
931,191,75,945
931,288,255,1717
931,304,154,1474
931,390,172,2338
931,391,180,2442
931,428,335,4076
931,468,108,1313
931,470,83,1038
931,489,124,1510
931,546,117,1442
931,566,240,1683
931,615,147,1457
931,619,176,1526
931,620,183,1544
931,629,226,1648
931,630,248,1700
931,825,331,4033
931,833,329,4009
931,854,111,1377
931,858,114,1413
931,869,115,1426
931,873,162,1988
931,932,3,30
931,933,3,38
931,943,144,1480
931,984,123,1492
931,1020,144,1770
931,1028,170,2189
931,1077,306,3730
931,1144,111,1075
931,1154,146,1503
931,1173,451,6554
931,1225,97,1206
931,1228,77,963
931,1313,170,2086
931,1316,106,1313
931,1322,124,1535
931,1324,114,1409
931,1326,115,1427
931,1327,118,1464
931,1329,124,1537
931,1331,129,1592
931,1348,115,1424
931,1387,108,958
931,1466,148,1826
931,1523,145,1780
931,1602,143,1764
931,1649,376,5659
931,1695,77,1078
931,1734,117,1453
931,1751,17,235
931,1797,200,2443
932,22,128,1435
932,28,30,423
932,108,122,1513
932,111,955,15799
932,112,94,1286
932,114,76,1065
932,165,142,1470
932,166,135,1452
932,181,105,1307
932,188,107,1303
932,190,69,958
932,191,77,975
932,288,257,1748
932,304,156,1504
932,390,174,2369
932,391,183,2473
932,428,337,4107
932,468,110,1343
932,470,86,1069
932,489,127,1540
932,546,119,1473
932,566,243,1713
932,615,149,1487
932,619,178,1557
932,620,185,1574
932,629,228,1678
932,630,250,1730
932,825,334,4064
932,833,332,4039
932,854,114,1407
932,858,117,1443
932,869,118,1456
932,873,164,2018
932,931,3,30
932,933,6,69
932,943,147,1510
932,984,125,1522
932,1020,146,1801
932,1028,173,2219
932,1077,309,3761
932,1144,113,1105
932,1154,149,1533
932,1173,453,6584
932,1225,100,1237
932,1228,79,993
932,1313,172,2116
932,1316,108,1344
932,1322,127,1565
932,1324,116,1439
932,1326,118,1457
932,1327,121,1494
932,1329,127,1568
932,1331,131,1623
932,1348,118,1454
932,1387,110,989
932,1466,151,1856
932,1523,147,1810
932,1602,146,1794
932,1649,379,5690
932,1695,79,1108
932,1734,120,1483
932,1751,19,265
932,1797,202,2473
933,22,122,1367
933,28,25,355
933,108,117,1444
933,111,950,15731
933,112,88,1218
933,114,70,996
933,165,137,1401
933,166,129,1384
933,181,100,1238
933,188,101,1234
933,190,64,889
933,191,71,907
933,288,252,1679
933,304,151,1436
933,390,169,2300
933,391,177,2404
933,428,332,4038
933,468,105,1275
933,470,80,1000
933,489,121,1472
933,546,113,1404
933,566,237,1644
933,615,144,1419
933,619,172,1488
933,620,180,1505
933,629,223,1610
933,630,244,1662
933,825,328,3995
933,833,326,3971
933,854,108,1339
933,858,111,1375
933,869,112,1388
933,873,159,1950
933,931,3,38
933,932,6,69
933,943,141,1442
933,984,120,1454
933,1020,141,1732
933,1028,167,2151
933,1077,303,3692
933,1144,108,1037
933,1154,143,1465
933,1173,448,6516
933,1225,94,1168
933,1228,73,925
933,1313,167,2048
933,1316,103,1275
933,1322,121,1497
933,1324,111,1371
933,1326,112,1389
933,1327,115,1426
933,1329,121,1499
933,1331,126,1554
933,1348,112,1386
933,1387,104,920
933,1466,145,1788
933,1523,141,1741
933,1602,140,1726
933,1649,373,5621
933,1695,73,1039
933,1734,114,1415
933,1751,14,196
933,1797,196,2405
943,22,240,2629
943,28,148,1534
943,108,235,2707
943,111,845,15005
943,112,141,1738
943,114,123,1516
943,165,254,2664
943,166,247,2647
943,181,218,2501
943,188,244,2747
943,190,94,1132
943,191,86,1039
943,288,369,2942
943,304,269,2699
943,390,221,2820
943,391,230,2924
943,428,447,5301
943,468,247,2788
943,470,198,2263
943,489,263,2985
943,546,231,2667
943,566,355,2907
943,615,262,2681
943,619,290,2751
943,620,298,2768
943,629,341,2873
943,630,362,2925
943,825,443,5258
943,833,441,5234
943,854,226,2602
943,858,229,2638
943,869,235,2568
943,873,215,2673
943,931,147,1666
943,932,149,1696
943,933,144,1628
943,984,262,2967
943,1020,247,2995
943,1028,220,2727
943,1077,418,4955
943,1144,57,692
943,1154,24,290
943,1173,345,5341
943,1225,212,2431
943,1228,196,2104
943,1313,225,2789
943,1316,221,2538
943,1322,239,2760
943,1324,229,2634
943,1326,230,2652
943,1327,233,2689
943,1329,239,2762
943,1331,244,2817
943,1348,230,2649
943,1387,88,992
943,1466,261,3051
943,1523,257,3004
943,1602,248,2989
943,1649,271,4447
943,1695,126,1560
943,1734,232,2677
943,1751,137,1376
943,1797,312,3667
984,22,185,2096
984,28,135,1684
984,108,126,1520
984,111,1056,17046
984,112,198,2533
984,114,180,2311
984,165,200,2131
984,166,192,2113
984,181,125,1506
984,188,60,724
984,190,173,2205
984,191,181,2236
984,288,315,2409
984,304,214,2165
984,390,278,3615
984,391,287,3720
984,428,395,4768
984,468,63,765
984,470,133,1604
984,489,29,356
984,546,138,1672
984,566,300,2374
984,615,207,2148
984,619,236,2218
984,620,243,2235
984,629,286,2339
984,630,308,2391
984,825,391,4725
984,833,389,4700
984,854,171,2068
984,858,174,2104
984,869,80,965
984,873,222,2679
984,931,128,1569
984,932,131,1599
984,933,125,1531
984,943,252,2771
984,1020,204,2462
984,1028,238,2880
984,1077,366,4422
984,1144,218,2366
984,1154,254,2794
984,1173,554,7845
984,1225,159,1924
984,1228,86,1040
984,1313,230,2777
984,1316,128,1543
984,1322,146,1764
984,1324,120,1446
984,1326,121,1465
984,1327,124,1501
984,1329,130,1575
984,1331,135,1630
984,1348,137,1653
984,1387,215,2249
984,1466,208,2517
984,1523,204,2471
984,1602,203,2455
984,1649,479,6950
984,1695,183,2355
984,1734,109,1310
984,1751,124,1525
984,1797,259,3134
1020,22,44,390
1020,28,151,1897
1020,108,94,1134
1020,111,993,15280
1020,112,156,1923
1020,114,138,1701
1020,165,120,1166
1020,166,113,1148
1020,181,83,1003
1020,188,161,1940
1020,190,160,2000
1020,191,167,2092
1020,288,235,1444
1020,304,134,1201
1020,390,147,1849
1020,391,156,1953
1020,428,212,2557
1020,468,153,1843
1020,470,118,1421
1020,489,208,2508
1020,546,97,1169
1020,566,221,1409
1020,615,127,1183
1020,619,156,1253
1020,620,163,1270
1020,629,206,1374
1020,630,228,1427
1020,825,208,2514
1020,833,206,2490
1020,854,60,727
1020,858,57,691
1020,869,202,2442
1020,873,75,903
1020,931,137,1670
1020,932,139,1701
1020,933,134,1632
1020,943,253,3059
1020,984,206,2490
1020,1028,83,1003
1020,1077,183,2211
1020,1144,220,2653
1020,1154,255,3082
1020,1173,577,8133
1020,1225,55,670
1020,1228,158,1905
1020,1313,63,758
1020,1316,86,1040
1020,1322,104,1261
1020,1324,94,1135
1020,1326,95,1154
1020,1327,99,1190
1020,1329,105,1264
1020,1331,109,1319
1020,1348,95,1150
1020,1387,216,2537
1020,1466,14,164
1020,1523,10,118
1020,1602,1,6
1020,1649,502,7238
1020,1695,141,1740
1020,1734,98,1179
1020,1751,146,1813
1020,1797,77,923
1028,22,99,1054
1028,28,188,2364
1028,108,133,1601
1028,111,965,14944
1028,112,128,1587
1028,114,110,1365
1028,165,152,1559
1028,166,145,1541
1028,181,116,1395
1028,188,193,2333
1028,190,132,1664
1028,191,140,1757
1028,288,267,1836
1028,304,167,1593
1028,390,119,1513
1028,391,128,1618
1028,428,283,3413
1028,468,185,2236
1028,470,150,1814
1028,489,240,2901
1028,546,129,1561
1028,566,253,1802
1028,615,159,1576
1028,619,188,1645
1028,620,195,1663
1028,629,239,1767
1028,630,260,1819
1028,825,279,3370
1028,833,277,3345
1028,854,82,991
1028,858,79,955
1028,869,235,2835
1028,873,17,201
1028,931,167,2063
1028,932,170,2093
1028,933,164,2025
1028,943,226,2796
1028,984,239,2882
1028,1020,83,1003
1028,1077,254,3067
1028,1144,192,2390
1028,1154,227,2819
1028,1173,549,7870
1028,1225,83,1008
1028,1228,196,2372
1028,1313,60,730
1028,1316,119,1432
1028,1322,137,1654
1028,1324,126,1528
1028,1326,128,1546
1028,1327,131,1583
1028,1329,137,1656
1028,1331,142,1711
1028,1348,128,1543
1028,1387,189,2274
1028,1466,96,1162
1028,1523,92,1116
1028,1602,84,1010
1028,1649,474,6975
1028,1695,113,1405
1028,1734,130,1572
1028,1751,177,2206
1028,1797,147,1779
1077,22,212,2425
1077,28,319,3932
1077,108,262,3169
1077,111,1164,17344
1077,112,327,3987
1077,114,309,3765
1077,165,282,3126
1077,166,275,3108
1077,181,245,2962
1077,188,323,3900
1077,190,331,4063
1077,191,338,4156
1077,288,397,3404
1077,304,296,3160
1077,390,318,3912
1077,391,327,4017
1077,428,38,453
1077,468,315,3803
1077,470,280,3381
1077,489,370,4468
1077,546,259,3128
1077,566,383,3369
1077,615,289,3143
1077,619,318,3213
1077,620,325,3230
1077,629,368,3334
1077,630,390,3386
1077,825,34,410
1077,833,32,386
1077,854,222,2687
1077,858,220,2651
1077,869,364,4402
1077,873,246,2967
1077,931,299,3630
1077,932,301,3660
1077,933,296,3592
1077,943,424,5018
1077,984,368,4450
1077,1020,183,2211
1077,1028,254,3067
1077,1144,391,4613
1077,1154,426,5042
1077,1173,742,10092
1077,1225,224,2705
1077,1228,326,3939
1077,1313,234,2822
1077,1316,248,2999
1077,1322,267,3221
1077,1324,256,3095
1077,1326,258,3113
1077,1327,261,3150
1077,1329,267,3223
1077,1331,271,3278
1077,1348,258,3110
1077,1387,387,4497
1077,1466,188,2266
1077,1523,184,2220
1077,1602,182,2204
1077,1649,667,9198
1077,1695,312,3804
1077,1734,260,3139
1077,1751,308,3773
1077,1797,163,1968
1144,22,206,2224
1144,28,114,1129
1144,108,201,2302
1144,111,880,15430
1144,112,108,1333
1144,114,89,1111
1144,165,221,2259
1144,166,214,2241
1144,181,184,2096
1144,188,210,2342
1144,190,60,726
1144,191,52,634
1144,288,336,2537
1144,304,235,2293
1144,390,188,2415
1144,391,196,2519
1144,428,413,4896
1144,468,214,2383
1144,470,164,1858
1144,489,230,2580
1144,546,198,2262
1144,566,322,2502
1144,615,228,2276
1144,619,257,2346
1144,620,264,2363
1144,629,307,2467
1144,630,329,2520
1144,825,410,4853
1144,833,408,4828
1144,854,192,2197
1144,858,195,2232
1144,869,201,2162
1144,873,182,2267
1144,931,113,1261
1144,932,116,1291
1144,933,110,1223
1144,943,57,692
1144,984,228,2561
1144,1020,214,2590
1144,1028,186,2322
1144,1077,385,4550
1144,1154,59,716
1144,1173,381,5766
1144,1225,178,2026
1144,1228,163,1699
1144,1313,191,2384
1144,1316,187,2133
1144,1322,205,2354
1144,1324,195,2228
1144,1326,197,2247
1144,1327,200,2283
1144,1329,206,2357
1144,1331,210,2412
1144,1348,196,2243
1144,1387,55,587
1144,1466,227,2645
1144,1523,223,2599
1144,1602,214,2583
1144,1649,306,4872
1144,1695,93,1154
1144,1734,199,2272
1144,1751,103,971
1144,1797,278,3262
1154,22,242,2652
1154,28,150,1557
1154,108,236,2730
1154,111,833,14858
1154,112,143,1761
1154,114,125,1539
1154,165,256,2687
1154,166,249,2670
1154,181,219,2524
1154,188,246,2770
1154,190,95,1155
1154,191,88,1062
1154,288,371,2965
1154,304,271,2722
1154,390,223,2843
1154,391,232,2948
1154,428,449,5324
1154,468,249,2811
1154,470,200,2286
1154,489,265,3008
1154,546,233,2690
1154,566,357,2930
1154,615,263,2704
1154,619,292,2774
1154,620,299,2791
1154,629,343,2896
1154,630,364,2948
1154,825,445,5281
1154,833,443,5257
1154,854,228,2625
1154,858,231,2661
1154,869,237,2591
1154,873,217,2696
1154,931,149,1689
1154,932,151,1720
1154,933,146,1651
1154,943,24,290
1154,984,264,2990
1154,1020,249,3018
1154,1028,222,2750
1154,1077,420,4978
1154,1144,59,716
1154,1173,333,5194
1154,1225,214,2454
1154,1228,198,2128
1154,1313,227,2812
1154,1316,223,2561
1154,1322,241,2783
1154,1324,230,2657
1154,1326,232,2675
1154,1327,235,2712
1154,1329,241,2785
1154,1331,246,2840
1154,1348,232,2672
1154,1387,90,1015
1154,1466,262,3074
1154,1523,259,3027
1154,1602,250,3012
1154,1649,258,4300
1154,1695,128,1583
1154,1734,234,2701
1154,1751,138,1399
1154,1797,314,3691
1173,22,557,7702
1173,28,422,6607
1173,108,552,7780
1173,111,592,9664
1173,112,464,6811
1173,114,446,6589
1173,165,568,7737
1173,166,561,7719
1173,181,531,7574
1173,188,528,7820
1173,190,417,6204
1173,191,409,6112
1173,288,683,8015
1173,304,582,7771
1173,390,545,7893
1173,391,553,7997
1173,428,763,10374
1173,468,531,7861
1173,470,512,7336
1173,489,548,8058
1173,546,545,7740
1173,566,669,7980
1173,615,575,7754
1173,619,604,7824
1173,620,611,7841
1173,629,654,7945
1173,630,676,7997
1173,825,760,10331
1173,833,758,10306
1173,854,540,7674
1173,858,543,7710
1173,869,498,7640
1173,873,538,7745
1173,931,450,6739
1173,932,453,6769
1173,933,447,6701
1173,943,345,5340
1173,984,546,8039
1173,1020,571,8068
1173,1028,543,7800
1173,1077,734,10028
1173,1144,381,5765
1173,1154,333,5193
1173,1225,529,7504
1173,1228,464,7177
1173,1313,548,7862
1173,1316,534,7611
1173,1322,553,7832
1173,1324,542,7706
1173,1326,544,7724
1173,1327,547,7761
1173,1329,553,7834
1173,1331,557,7890
1173,1348,544,7721
1173,1387,412,6065
1173,1466,577,8123
1173,1523,573,8077
1173,1602,571,8061
1173,1649,174,2948
1173,1695,449,6632
1173,1734,546,7750
1173,1751,446,6449
1173,1797,628,8740
1225,22,69,686
1225,28,108,1383
1225,108,63,763
1225,111,1005,15427
1225,112,147,1897
1225,114,129,1675
1225,165,83,720
1225,166,76,703
1225,181,46,557
1225,188,124,1494
1225,190,123,1568
1225,191,130,1661
1225,288,198,998
1225,304,97,755
1225,390,159,1996
1225,391,168,2100
1225,428,278,3358
1225,468,116,1398
1225,470,69,833
1225,489,160,1934
1225,546,60,723
1225,566,184,963
1225,615,90,738
1225,619,119,807
1225,620,126,824
1225,629,169,929
1225,630,191,981
1225,825,274,3315
1225,833,272,3290
1225,854,1,18
1225,858,4,53
1225,869,153,1854
1225,873,67,807
1225,931,88,1082
1225,932,90,1112
1225,933,85,1044
1225,943,216,2470
1225,984,159,1916
1225,1020,81,977
1225,1028,83,1008
1225,1077,249,3011
1225,1144,183,2065
1225,1154,218,2493
1225,1173,533,7544
1225,1228,115,1391
1225,1313,75,905
1225,1316,49,594
1225,1322,68,816
1225,1324,57,690
1225,1326,59,708
1225,1327,62,745
1225,1329,68,818
1225,1331,72,873
1225,1348,58,705
1225,1387,179,1949
1225,1466,92,1109
1225,1523,88,1062
1225,1602,80,971
1225,1649,459,6650
1225,1695,132,1718
1225,1734,61,734
1225,1751,97,1225
1225,1797,143,1730
1228,22,144,1598
1228,28,64,792
1228,108,134,1616
1228,111,970,16522
1228,112,154,2009
1228,114,136,1787
1228,165,158,1633
1228,166,151,1615
1228,181,122,1469
1228,188,68,821
1228,190,130,1680
1228,191,138,1711
1228,288,273,1910
1228,304,173,1667
1228,390,235,3091
1228,391,243,3195
1228,428,353,4270
1228,468,71,861
1228,470,89,1079
1228,489,88,1058
1228,546,135,1635
1228,566,259,1876
1228,615,165,1650
1228,619,194,1719
1228,620,201,1737
1228,629,245,1841
1228,630,266,1893
1228,825,350,4227
1228,833,348,4202
1228,854,117,1417
1228,858,120,1453
1228,869,38,463
1228,873,180,2181
1228,931,85,1044
1228,932,87,1075
1228,933,82,1006
1228,943,208,2246
1228,984,86,1040
1228,1020,156,1889
1228,1028,197,2382
1228,1077,325,3924
1228,1144,175,1841
1228,1154,210,2269
1228,1173,470,7320
1228,1225,116,1399
1228,1313,189,2279
1228,1316,125,1506
1228,1322,143,1728
1228,1324,128,1543
1228,1326,129,1561
1228,1327,132,1598
1228,1329,138,1671
1228,1331,143,1726
1228,1348,134,1617
1228,1387,172,1724
1228,1466,167,2021
1228,1523,163,1974
1228,1602,156,1883
1228,1649,395,6425
1228,1695,140,1830
1228,1734,117,1407
1228,1751,81,1001
1228,1797,219,2643
1313,22,79,809
1313,28,181,2261
1313,108,124,1498
1313,111,970,15006
1313,112,134,1649
1313,114,115,1427
1313,165,144,1455
1313,166,137,1438
1313,181,107,1292
1313,188,184,2229
1313,190,137,1726
1313,191,145,1819
1313,288,259,1733
1313,304,158,1490
1313,390,124,1575
1313,391,133,1680
1313,428,262,3168
1313,468,176,2132
1313,470,142,1710
1313,489,232,2797
1313,546,121,1458
1313,566,244,1698
1313,615,151,1472
1313,619,180,1542
1313,620,187,1559
1313,629,230,1664
1313,630,252,1716
1313,825,259,3125
1313,833,257,3100
1313,854,73,887
1313,858,71,852
1313,869,226,2732
1313,873,56,675
1313,931,161,1960
1313,932,163,1990
1313,933,157,1921
1313,943,231,2858
1313,984,230,2779
1313,1020,63,758
1313,1028,60,730
1313,1077,234,2822
1313,1144,197,2452
1313,1154,233,2881
1313,1173,554,7932
1313,1225,75,905
1313,1228,188,2268
1313,1316,110,1329
1313,1322,128,1551
1313,1324,118,1425
1313,1326,119,1443
1313,1327,123,1480
1313,1329,129,1553
1313,1331,133,1608
1313,1348,119,1440
1313,1387,194,2336
1313,1466,76,917
1313,1523,72,871
1313,1602,63,765
1313,1649,479,7037
1313,1695,118,1466
1313,1734,122,1469
1313,1751,170,2103
1313,1797,127,1534
1316,22,65,646
1316,28,119,1512
1316,108,22,262
1316,111,1040,15849
1316,112,158,2026
1316,114,140,1804
1316,165,80,681
1316,166,72,663
1316,181,3,37
1316,188,82,993
1316,190,133,1697
1316,191,141,1790
1316,288,195,959
1316,304,94,715
1316,390,194,2418
1316,391,203,2522
1316,428,275,3318
1316,468,74,896
1316,470,80,962
1316,489,129,1561
1316,546,11,129
1316,566,180,924
1316,615,87,698
1316,619,116,768
1316,620,123,785
1316,629,166,889
1316,630,187,941
1316,825,271,3275
1316,833,269,3250
1316,854,51,618
1316,858,54,654
1316,869,130,1565
1316,873,102,1229
1316,931,99,1211
1316,932,101,1241
1316,933,95,1173
1316,943,227,2599
1316,984,128,1543
1316,1020,84,1012
1316,1028,118,1430
1316,1077,246,2971
1316,1144,193,2194
1316,1154,229,2622
1316,1173,542,7673
1316,1225,50,601
1316,1228,126,1520
1316,1313,110,1327
1316,1322,18,222
1316,1324,16,188
1316,1326,17,206
1316,1327,20,243
1316,1329,26,316
1316,1331,31,371
1316,1348,9,111
1316,1387,190,2078
1316,1466,88,1067
1316,1523,84,1021
1316,1602,83,1005
1316,1649,467,6779
1316,1695,143,1847
1316,1734,19,232
1316,1751,108,1354
1316,1797,139,1684
1322,22,84,868
1322,28,137,1734
1322,108,40,483
1322,111,1058,16071
1322,112,176,2247
1322,114,158,2025
1322,165,98,903
1322,166,91,885
1322,181,21,259
1322,188,100,1215
1322,190,152,1919
1322,191,159,2011
1322,288,213,1180
1322,304,112,937
1322,390,213,2640
1322,391,221,2744
1322,428,293,3539
1322,468,92,1118
1322,470,98,1183
1322,489,148,1783
1322,546,8,93
1322,566,199,1146
1322,615,105,920
1322,619,134,989
1322,620,141,1007
1322,629,184,1111
1322,630,206,1163
1322,825,290,3496
1322,833,287,3472
1322,854,70,840
1322,858,72,876
1322,869,148,1786
1322,873,120,1451
1322,931,117,1433
1322,932,119,1463
1322,933,114,1395
1322,943,245,2821
1322,984,146,1764
1322,1020,102,1233
1322,1028,137,1652
1322,1077,264,3193
1322,1144,212,2416
1322,1154,247,2844
1322,1173,560,7895
1322,1225,68,823
1322,1228,144,1742
1322,1313,128,1549
1322,1316,18,222
1322,1324,34,410
1322,1326,35,428
1322,1327,39,465
1322,1329,45,538
1322,1331,49,593
1322,1348,9,111
1322,1387,208,2299
1322,1466,107,1289
1322,1523,103,1243
1322,1602,102,1227
1322,1649,485,7000
1322,1695,161,2069
1322,1734,38,454
1322,1751,126,1576
1322,1797,158,1906
1324,22,73,742
1324,28,127,1608
1324,108,6,73
1324,111,1048,15945
1324,112,166,2121
1324,114,147,1899
1324,165,88,777
1324,166,80,759
1324,181,13,151
1324,188,74,897
1324,190,141,1793
1324,191,149,1885
1324,288,203,1054
1324,304,102,811
1324,390,202,2514
1324,391,211,2618
1324,428,283,3413
1324,468,66,800
1324,470,88,1058
1324,489,121,1465
1324,546,26,317
1324,566,188,1020
1324,615,95,794
1324,619,123,863
1324,620,131,881
1324,629,174,985
1324,630,195,1037
1324,825,279,3371
1324,833,277,3346
1324,854,59,714
1324,858,62,750
1324,869,122,1468
1324,873,110,1325
1324,931,106,1307
1324,932,109,1337
1324,933,103,1269
1324,943,235,2695
1324,984,120,1446
1324,1020,92,1107
1324,1028,126,1526
1324,1077,254,3067
1324,1144,201,2290
1324,1154,237,2718
1324,1173,550,7769
1324,1225,58,697
1324,1228,128,1543
1324,1313,118,1423
1324,1316,16,188
1324,1322,34,410
1324,1326,2,18
1324,1327,5,55
1324,1329,11,128
1324,1331,15,183
1324,1348,25,299
1324,1387,198,2173
1324,1466,96,1163
1324,1523,92,1117
1324,1602,91,1101
1324,1649,475,6875
1324,1695,151,1943
1324,1734,11,136
1324,1751,116,1450
1324,1797,147,1780
1326,22,75,760
1326,28,128,1626
1326,108,5,55
1326,111,1049,15963
1326,112,167,2140
1326,114,149,1918
1326,165,89,795
1326,166,82,777
1326,181,14,170
1326,188,76,915
1326,190,143,1811
1326,191,150,1904
1326,288,204,1073
1326,304,103,829
1326,390,204,2532
1326,391,212,2636
1326,428,284,3432
1326,468,68,818
1326,470,89,1076
1326,489,123,1483
1326,546,28,336
1326,566,190,1038
1326,615,96,812
1326,619,125,882
1326,620,132,899
1326,629,175,1003
1326,630,197,1055
1326,825,281,3389
1326,833,278,3364
1326,854,61,732
1326,858,64,768
1326,869,123,1487
1326,873,111,1343
1326,931,108,1325
1326,932,110,1355
1326,933,105,1287
1326,943,236,2713
1326,984,121,1465
1326,1020,93,1126
1326,1028,128,1544
1326,1077,255,3085
1326,1144,203,2308
1326,1154,238,2736
1326,1173,551,7787
1326,1225,59,715
1326,1228,129,1561
1326,1313,119,1441
1326,1316,17,206
1326,1322,35,428
1326,1324,2,18
1326,1327,3,37
1326,1329,9,110
1326,1331,14,165
1326,1348,26,317
1326,1387,200,2192
1326,1466,98,1181
1326,1523,94,1135
1326,1602,93,1119
1326,1649,476,6893
1326,1695,152,1961
1326,1734,13,154
1326,1751,117,1468
1326,1797,149,1798
1327,22,78,797
1327,28,131,1663
1327,108,2,18
1327,111,1052,16000
1327,112,170,2176
1327,114,152,1954
1327,165,92,832
1327,166,85,814
1327,181,17,206
1327,188,79,952
1327,190,146,1848
1327,191,154,1940
1327,288,207,1109
1327,304,106,866
1327,390,207,2569
1327,391,215,2673
1327,428,287,3468
1327,468,71,855
1327,470,92,1113
1327,489,126,1520
1327,546,31,372
1327,566,193,1075
1327,615,99,849
1327,619,128,918
1327,620,135,936
1327,629,178,1040
1327,630,200,1092
1327,825,284,3426
1327,833,282,3401
1327,854,64,769
1327,858,67,805
1327,869,126,1523
1327,873,114,1380
1327,931,111,1362
1327,932,114,1392
1327,933,108,1324
1327,943,239,2750
1327,984,124,1501
1327,1020,96,1162
1327,1028,131,1581
1327,1077,258,3122
1327,1144,206,2345
1327,1154,241,2773
1327,1173,554,7824
1327,1225,62,752
1327,1228,132,1598
1327,1313,122,1478
1327,1316,20,243
1327,1322,39,465
1327,1324,5,55
1327,1326,3,37
1327,1329,6,73
1327,1331,11,128
1327,1348,29,354
1327,1387,203,2228
1327,1466,101,1218
1327,1523,97,1172
1327,1602,96,1156
1327,1649,479,6930
1327,1695,156,1998
1327,1734,16,191
1327,1751,120,1505
1327,1797,152,1835
1329,22,84,870
1329,28,137,1736
1329,108,5,55
1329,111,1059,16073
1329,112,176,2250
1329,114,158,2028
1329,165,98,905
1329,166,91,887
1329,181,23,280
1329,188,85,1025
1329,190,152,1921
1329,191,160,2014
1329,288,213,1183
1329,304,112,939
1329,390,213,2642
1329,391,221,2746
1329,428,293,3542
1329,468,77,928
1329,470,98,1186
1329,489,132,1593
1329,546,37,446
1329,566,199,1148
1329,615,105,922
1329,619,134,992
1329,620,141,1009
1329,629,184,1113
1329,630,206,1165
1329,825,290,3499
1329,833,288,3474
1329,854,70,842
1329,858,73,878
1329,869,132,1597
1329,873,120,1453
1329,931,117,1435
1329,932,120,1465
1329,933,114,1397
1329,943,246,2823
1329,984,130,1575
1329,1020,102,1236
1329,1028,137,1654
1329,1077,264,3195
1329,1144,212,2418
1329,1154,247,2846
1329,1173,560,7897
1329,1225,68,825
1329,1228,138,1671
1329,1313,128,1551
1329,1316,26,316
1329,1322,45,538
1329,1324,11,128
1329,1326,9,110
1329,1327,6,73
1329,1331,5,55
1329,1348,35,427
1329,1387,209,2302
1329,1466,107,1291
1329,1523,103,1245
1329,1602,102,1229
1329,1649,486,7003
1329,1695,162,2071
1329,1734,22,264
1329,1751,126,1578
1329,1797,158,1908
1331,22,88,925
1331,28,142,1791
1331,108,9,110
1331,111,1063,16128
1331,112,181,2305
1331,114,163,2083
1331,165,103,960
1331,166,95,942
1331,181,28,335
1331,188,89,1080
1331,190,156,1976
1331,191,164,2069
1331,288,218,1238
1331,304,117,994
1331,390,217,2697
1331,391,226,2801
1331,428,298,3597
1331,468,81,983
1331,470,103,1241
1331,489,136,1648
1331,546,41,501
1331,566,203,1203
1331,615,110,977
1331,619,139,1047
1331,620,146,1064
1331,629,189,1168
1331,630,211,1220
1331,825,294,3554
1331,833,292,3529
1331,854,74,897
1331,858,77,933
1331,869,137,1652
1331,873,125,1508
1331,931,122,1490
1331,932,124,1520
1331,933,118,1452
1331,943,250,2878
1331,984,135,1630
1331,1020,107,1291
1331,1028,141,1709
1331,1077,269,3250
1331,1144,217,2473
1331,1154,252,2901
1331,1173,565,7952
1331,1225,73,880
1331,1228,143,1726
1331,1313,133,1606
1331,1316,31,371
1331,1322,49,593
1331,1324,15,183
1331,1326,14,165
1331,1327,11,128
1331,1329,5,55
1331,1348,40,482
1331,1387,213,2357
1331,1466,111,1346
1331,1523,108,1300
1331,1602,106,1284
1331,1649,490,7058
1331,1695,166,2126
1331,1734,26,319
1331,1751,131,1633
1331,1797,163,1963
1348,22,74,757
1348,28,128,1623
1348,108,31,372
1348,111,1049,15960
1348,112,167,2136
1348,114,149,1915
1348,165,89,792
1348,166,82,774
1348,181,12,148
1348,188,91,1104
1348,190,143,1808
1348,191,150,1901
1348,288,204,1070
1348,304,103,826
1348,390,203,2529
1348,391,212,2633
1348,428,284,3429
1348,468,83,1007
1348,470,89,1073
1348,489,138,1672
1348,546,2,18
1348,566,189,1035
1348,615,96,809
1348,619,125,878
1348,620,132,896
1348,629,175,1000
1348,630,197,1052
1348,825,280,3386
1348,833,278,3361
1348,854,60,729
1348,858,63,765
1348,869,139,1676
1348,873,111,1340
1348,931,108,1322
1348,932,110,1352
1348,933,105,1284
1348,943,236,2710
1348,984,137,1653
1348,1020,93,1123
1348,1028,128,1541
1348,1077,255,3082
1348,1144,203,2305
1348,1154,238,2733
1348,1173,551,7784
1348,1225,59,712
1348,1228,135,1631
1348,1313,119,1438
1348,1316,9,111
1348,1322,9,111
1348,1324,25,299
1348,1326,26,317
1348,1327,29,354
1348,1329,35,427
1348,1331,40,482
1348,1387,199,2188
1348,1466,97,1178
1348,1523,94,1132
1348,1602,92,1116
1348,1649,476,6890
1348,1695,152,1958
1348,1734,28,343
1348,1751,117,1465
1348,1797,149,1795
1387,22,203,2108
1387,28,111,1013
1387,108,198,2185
1387,111,912,15729
1387,112,104,1216
1387,114,86,994
1387,165,218,2143
1387,166,210,2125
1387,181,181,1979
1387,188,207,2226
1387,190,57,610
1387,191,49,517
1387,288,333,2420
1387,304,232,2177
1387,390,184,2298
1387,391,193,2403
1387,428,410,4779
1387,468,210,2266
1387,470,161,1741
1387,489,227,2463
1387,546,194,2145
1387,566,318,2386
1387,615,225,2160
1387,619,253,2229
1387,620,261,2247
1387,629,304,2351
1387,630,325,2403
1387,825,407,4736
1387,833,404,4712
1387,854,189,2080
1387,858,192,2116
1387,869,198,2046
1387,873,178,2151
1387,931,110,1144
1387,932,112,1175
1387,933,107,1106
1387,943,88,992
1387,984,225,2445
1387,1020,211,2473
1387,1028,183,2206
1387,1077,381,4433
1387,1144,55,587
1387,1154,90,1015
1387,1173,412,6066
1387,1225,175,1909
1387,1228,160,1583
1387,1313,188,2268
1387,1316,184,2016
1387,1322,202,2238
1387,1324,192,2112
1387,1326,193,2130
1387,1327,196,2167
1387,1329,202,2240
1387,1331,207,2295
1387,1348,193,2127
1387,1466,224,2529
1387,1523,220,2483
1387,1602,211,2467
1387,1649,337,5172
1387,1695,89,1038
1387,1734,195,2156
1387,1751,100,854
1387,1797,275,3146
1466,22,55,522
1466,28,162,2029
1466,108,105,1266
1466,111,1006,15441
1466,112,170,2084
1466,114,151,1862
1466,165,124,1222
1466,166,117,1204
1466,181,88,1058
1466,188,165,1996
1466,190,173,2159
1466,191,181,2251
1466,288,239,1499
1466,304,139,1256
1466,390,160,2008
1466,391,169,2112
1466,428,216,2613
1466,468,157,1899
1466,470,122,1477
1466,489,212,2564
1466,546,101,1224
1466,566,225,1465
1466,615,132,1239
1466,619,160,1308
1466,620,168,1326
1466,629,211,1430
1466,630,232,1482
1466,825,213,2570
1466,833,211,2545
1466,854,65,782
1466,858,62,746
1466,869,207,2498
1466,873,88,1062
1466,931,141,1726
1466,932,144,1756
1466,933,138,1688
1466,943,266,3114
1466,984,211,2545
1466,1020,14,164
1466,1028,96,1162
1466,1077,188,2266
1466,1144,233,2709
1466,1154,268,3137
1466,1173,584,8188
1466,1225,66,802
1466,1228,169,2036
1466,1313,76,917
1466,1316,91,1095
1466,1322,109,1317
1466,1324,99,1191
1466,1326,100,1209
1466,1327,103,1246
1466,1329,109,1319
1466,1331,114,1374
1466,1348,100,1206
1466,1387,230,2592
1466,1523,4,46
1466,1602,13,158
1466,1649,510,7294
1466,1695,154,1899
1466,1734,102,1235
1466,1751,151,1869
1466,1797,81,979
1523,22,51,475
1523,28,158,1983
1523,108,101,1220
1523,111,1002,15395
1523,112,166,2038
1523,114,147,1816
1523,165,121,1175
1523,166,113,1158
1523,181,84,1012
1523,188,161,1949
1523,190,169,2113
1523,191,177,2205
1523,288,236,1453
1523,304,135,1210
1523,390,156,1962
1523,391,165,2066
1523,428,212,2566
1523,468,153,1852
1523,470,118,1430
1523,489,208,2517
1523,546,98,1178
1523,566,221,1418
1523,615,128,1192
1523,619,157,1262
1523,620,164,1279
1523,629,207,1384
1523,630,228,1436
1523,825,209,2523
1523,833,207,2499
1523,854,61,736
1523,858,58,700
1523,869,203,2452
1523,873,84,1016
1523,931,137,1680
1523,932,140,1710
1523,933,134,1641
1523,943,263,3068
1523,984,207,2499
1523,1020,10,118
1523,1028,92,1116
1523,1077,184,2220
1523,1144,229,2663
1523,1154,265,3091
1523,1173,581,8142
1523,1225,63,755
1523,1228,165,1990
1523,1313,72,871
1523,1316,87,1049
1523,1322,105,1271
1523,1324,95,1145
1523,1326,96,1163
1523,1327,99,1200
1523,1329,105,1273
1523,1331,110,1328
1523,1348,96,1160
1523,1387,226,2546
1523,1466,4,46
1523,1602,9,111
1523,1649,506,7247
1523,1695,150,1853
1523,1734,98,1189
1523,1751,147,1823
1523,1797,77,933
1602,22,44,384
1602,28,150,1891
1602,108,93,1128
1602,111,993,15286
1602,112,157,1929
1602,114,138,1707
1602,165,119,1160
1602,166,112,1142
1602,181,82,996
1602,188,160,1934
1602,190,160,2006
1602,191,168,2099
1602,288,234,1437
1602,304,134,1194
1602,390,148,1855
1602,391,156,1960
1602,428,211,2551
1602,468,152,1837
1602,470,117,1415
1602,489,207,2502
1602,546,96,1162
1602,566,220,1403
1602,615,126,1177
1602,619,155,1246
1602,620,162,1264
1602,629,206,1368
1602,630,227,1420
1602,825,208,2508
1602,833,206,2483
1602,854,60,720
1602,858,57,685
1602,869,202,2436
1602,873,75,910
1602,931,136,1664
1602,932,139,1694
1602,933,133,1626
1602,943,254,3052
1602,984,206,2483
1602,1020,1,6
1602,1028,84,1010
1602,1077,182,2204
1602,1144,220,2647
1602,1154,256,3075
1602,1173,577,8126
1602,1225,55,664
1602,1228,157,1899
1602,1313,63,765
1602,1316,86,1033
1602,1322,104,1255
1602,1324,93,1129
1602,1326,95,1147
1602,1327,98,1184
1602,1329,104,1257
1602,1331,109,1312
1602,1348,95,1144
1602,1387,217,2531
1602,1466,13,158
1602,1523,9,111
1602,1649,502,7232
1602,1695,142,1747
1602,1734,97,1173
1602,1751,145,1807
1602,1797,76,917
1649,22,482,6807
1649,28,347,5712
1649,108,477,6885
1649,111,718,12003
1649,112,390,5916
1649,114,371,5694
1649,165,493,6842
1649,166,486,6825
1649,181,456,6679
1649,188,453,6925
1649,190,342,5310
1649,191,334,5217
1649,288,608,7120
1649,304,508,6877
1649,390,470,6998
1649,391,478,7103
1649,428,688,9479
1649,468,457,6966
1649,470,437,6441
1649,489,473,7163
1649,546,470,6845
1649,566,594,7085
1649,615,500,6859
1649,619,529,6929
1649,620,536,6946
1649,629,580,7051
1649,630,601,7103
1649,825,685,9436
1649,833,683,9412
1649,854,465,6780
1649,858,468,6816
1649,869,424,6746
1649,873,463,6851
1649,931,375,5844
1649,932,378,5875
1649,933,372,5806
1649,943,271,4445
1649,984,471,7145
1649,1020,496,7173
1649,1028,468,6905
1649,1077,660,9133
1649,1144,306,4871
1649,1154,258,4298
1649,1173,174,2948
1649,1225,454,6609
1649,1228,389,6283
1649,1313,473,6967
1649,1316,460,6716
1649,1322,478,6938
1649,1324,467,6812
1649,1326,469,6830
1649,1327,472,6867
1649,1329,478,6940
1649,1331,483,6995
1649,1348,469,6827
1649,1387,337,5170
1649,1466,502,7229
1649,1523,498,7182
1649,1602,496,7167
1649,1695,375,5738
1649,1734,471,6856
1649,1751,372,5554
1649,1797,553,7846
1695,22,151,1727
1695,28,88,1263
1695,108,156,2002
1695,111,949,14864
1695,112,15,179
1695,114,4,43
1695,165,176,1960
1695,166,168,1942
1695,181,139,1797
1695,188,165,2143
1695,190,33,428
1695,191,40,521
1695,288,291,2238
1695,304,190,1994
1695,390,109,1429
1695,391,118,1533
1695,428,335,4081
1695,468,169,2183
1695,470,119,1559
1695,489,185,2380
1695,546,153,1963
1695,566,276,2203
1695,615,183,1977
1695,619,212,2047
1695,620,219,2064
1695,629,262,2168
1695,630,284,2220
1695,825,331,4039
1695,833,329,4014
1695,854,146,1801
1695,858,143,1765
1695,869,176,2296
1695,873,103,1281
1695,931,68,962
1695,932,71,992
1695,933,65,924
1695,943,126,1560
1695,984,183,2362
1695,1020,135,1672
1695,1028,107,1336
1695,1077,306,3735
1695,1144,93,1154
1695,1154,128,1583
1695,1173,450,6634
1695,1225,133,1727
1695,1228,137,1833
1695,1313,112,1398
1695,1316,142,1833
1695,1322,160,2055
1695,1324,150,1929
1695,1326,151,1947
1695,1327,154,1984
1695,1329,160,2057
1695,1331,165,2112
1695,1348,151,1944
1695,1387,89,1038
1695,1466,148,1831
1695,1523,144,1785
1695,1602,136,1678
1695,1649,375,5739
1695,1734,153,1973
1695,1751,77,1105
1695,1797,200,2448
1734,22,77,786
1734,28,130,1652
1734,108,17,209
1734,111,1052,15988
1734,112,169,2165
1734,114,151,1943
1734,165,91,821
1734,166,84,803
1734,181,16,195
1734,188,63,761
1734,190,145,1837
1734,191,153,1929
1734,288,206,1098
1734,304,105,855
1734,390,206,2558
1734,391,214,2662
1734,428,286,3457
1734,468,55,664
1734,470,91,1101
1734,489,110,1329
1734,546,30,361
1734,566,192,1064
1734,615,98,838
1734,619,127,907
1734,620,134,925
1734,629,177,1029
1734,630,199,1081
1734,825,283,3414
1734,833,281,3390
1734,854,63,758
1734,858,66,794
1734,869,110,1333
1734,873,113,1369
1734,931,110,1351
1734,932,113,1381
1734,933,107,1312
1734,943,239,2739
1734,984,109,1310
1734,1020,95,1151
1734,1028,130,1570
1734,1077,257,3111
1734,1144,205,2334
1734,1154,240,2762
1734,1173,553,7813
1734,1225,61,741
1734,1228,117,1407
1734,1313,121,1467
1734,1316,19,232
1734,1322,38,454
1734,1324,11,136
1734,1326,13,154
1734,1327,16,191
1734,1329,22,264
1734,1331,26,319
1734,1348,28,343
1734,1387,202,2217
1734,1466,100,1207
1734,1523,96,1161
1734,1602,95,1145
1734,1649,479,6918
1734,1695,155,1987
1734,1751,119,1494
1734,1797,151,1824
1751,22,131,1503
1751,28,11,158
1751,108,126,1581
1751,111,936,15868
1751,112,98,1355
1751,114,79,1133
1751,165,146,1538
1751,166,139,1521
1751,181,109,1375
1751,188,111,1371
1751,190,73,1026
1751,191,81,939
1751,288,261,1816
1751,304,160,1573
1751,390,178,2437
1751,391,187,2541
1751,428,341,4175
1751,468,114,1412
1751,470,89,1137
1751,489,130,1609
1751,546,123,1541
1751,566,247,1781
1751,615,153,1556
1751,619,182,1625
1751,620,189,1642
1751,629,232,1747
1751,630,254,1799
1751,825,337,4132
1751,833,335,4108
1751,854,117,1476
1751,858,120,1512
1751,869,98,1191
1751,873,168,2087
1751,931,28,390
1751,932,31,421
1751,933,25,352
1751,943,142,1474
1751,984,129,1590
1751,1020,150,1869
1751,1028,176,2288
1751,1077,312,3829
1751,1144,108,1069
1751,1154,144,1497
1751,1173,434,6548
1751,1225,103,1305
1751,1228,60,728
1751,1313,176,2185
1751,1316,112,1412
1751,1322,130,1634
1751,1324,120,1508
1751,1326,122,1526
1751,1327,125,1563
1751,1329,131,1636
1751,1331,135,1691
1751,1348,121,1523
1751,1387,105,952
1751,1466,155,1925
1751,1523,151,1878
1751,1602,149,1863
1751,1649,359,5653
1751,1695,83,1176
1751,1734,124,1552
1751,1797,206,2542
1797,22,106,1144
1797,28,213,2651
1797,108,156,1888
1797,111,1058,16063
1797,112,221,2706
1797,114,203,2484
1797,165,176,1839
1797,166,168,1821
1797,181,139,1675
1797,188,216,2612
1797,190,224,2776
1797,191,232,2868
1797,288,291,2116
1797,304,190,1873
1797,390,211,2625
1797,391,220,2729
1797,428,192,2314
1797,468,208,2516
1797,470,173,2094
1797,489,263,3180
1797,546,153,1841
1797,566,276,2082
1797,615,183,1856
1797,619,212,1925
1797,620,219,1943
1797,629,262,2047
1797,630,284,2099
1797,825,188,2272
1797,833,186,2247
1797,854,116,1399
1797,858,113,1363
1797,869,258,3115
1797,873,139,1679
1797,931,192,2343
1797,932,195,2373
1797,933,189,2305
1797,943,318,3731
1797,984,262,3162
1797,1020,77,923
1797,1028,147,1779
1797,1077,163,1968
1797,1144,284,3326
1797,1154,320,3754
1797,1173,636,8805
1797,1225,118,1424
1797,1228,220,2658
1797,1313,127,1534
1797,1316,142,1712
1797,1322,160,1934
1797,1324,150,1808
1797,1326,151,1826
1797,1327,154,1863
1797,1329,160,1936
1797,1331,165,1991
1797,1348,151,1823
1797,1387,281,3209
1797,1466,81,979
1797,1523,77,933
1797,1602,76,917
1797,1649,561,7910
1797,1695,205,2516
1797,1734,153,1852
1797,1751,202,2486
